Algorithme de Gauss-Newton
--------------------------
residu_C14(beta0, Donnees)
       4.9877
       4.4516
       3.8127
       3.3918
       3.1968
       2.8347
       2.6741

J_residu_C14(beta0, Donnees)
     -0.95123       4756.1
     -0.90484       9048.4
     -0.81873        16375
     -0.74082        22225
     -0.67032        26813
     -0.60653        30327
     -0.53259        33553

--------------------------------------------------------------------------------------------
     nb_iter         A0        lambda    ||f'(beta)||     f(beta)    ||delta||     exitflag 
--------------------------------------------------------------------------------------------
            0           10       0.0001   4.6322e+05        48.07

            1       15.022   0.00010633   4.6322e+05      0.10507            0            4

            2       15.024   0.00010433        15913     0.088623            0            4

            3       15.024   0.00010432       149.29     0.088621            0            4

            4       15.024   0.00010432       19.906     0.088621            0            4

            5       15.024   0.00010432       6.2989     0.088621            0            4

            6       15.024   0.00010432       2.1022     0.088621            0            4

            7       15.024   0.00010432      0.70296     0.088621            0            4

            8       15.024   0.00010432      0.23508     0.088621            0            4

--------------------------------------------------------------------------------------------
Algorithme de Newton
--------------------
Hessienne f(beta^{(0)})
     -0.95123       4756.1       4756.1  -2.3781e+06
     -0.90484       9048.4       9048.4  -9.0484e+06
     -0.81873        16375        16375  -3.2749e+07
     -0.74082        22225        22225  -6.6674e+07
     -0.67032        26813        26813  -1.0725e+08
     -0.60653        30327        30327  -1.5163e+08
     -0.53259        33553        33553  -2.1139e+08

--------------------------------------------------------------------------------------------
     nb_iter         A0        lambda    ||f'(beta)||     f(beta)    ||delta||     exitflag 
--------------------------------------------------------------------------------------------
            0           10       0.0001   4.6322e+05        48.07

     0     0     0     0     0     0     0

     0     0     0     0     0     0     0

     0     0     0     0     0     0     0

     0     0     0     0     0     0     0

     0     0     0     0     0     0     0

     0     0     0     0     0     0     0

     0     0     0     0     0     0     0

     0     0     0     0     0     0     0

--------------------------------------------------------------------------------------------
